4.330127018922194648e-01,-7.500000000000000000e-01,4.999999999999999445e-01,1.090726097027366371e-17
2.500000000000000555e-01,-4.330127018922191873e-01,-8.660254037844387076e-01,-2.827979899179258486e-17
8.660254037844385966e-01,5.000000000000001110e-01,5.302876193624534574e-17,-1.295469233955987511e-17
0.000000000000000000e+00,0.000000000000000000e+00,0.000000000000000000e+00,1.000000000000000000e+00
